 0.000000E+000   0.000000E+000   0.000000E+000              NaN
 0.000000E+000   5.000000E-002   0.000000E+000    1.000000E+000
 0.000000E+000   1.000000E-001   0.000000E+000    1.000000E+000
 0.000000E+000   1.500000E-001   0.000000E+000    1.000000E+000
 0.000000E+000   2.000000E-001   0.000000E+000    1.000000E+000
 0.000000E+000   2.500000E-001   0.000000E+000    1.000000E+000
 0.000000E+000   3.000000E-001   0.000000E+000    1.000000E+000
 0.000000E+000   3.500000E-001   0.000000E+000    1.000000E+000
 0.000000E+000   4.000000E-001   0.000000E+000    1.000000E+000
 0.000000E+000   4.500000E-001   0.000000E+000    1.000000E+000
 0.000000E+000   5.000000E-001   0.000000E+000    1.000000E+000
 0.000000E+000   5.500000E-001   0.000000E+000    1.000000E+000
 0.000000E+000   6.000000E-001   0.000000E+000    1.000000E+000
 0.000000E+000   6.500000E-001   0.000000E+000    1.000000E+000
 0.000000E+000   7.000000E-001   0.000000E+000    1.000000E+000
 0.000000E+000   7.500000E-001   0.000000E+000    1.000000E+000
 0.000000E+000   8.000000E-001   0.000000E+000    1.000000E+000
 0.000000E+000   8.500000E-001   0.000000E+000    1.000000E+000
 0.000000E+000   9.000000E-001   0.000000E+000    1.000000E+000
 0.000000E+000   9.500000E-001   0.000000E+000    1.000000E+000
 0.000000E+000   1.000000E+000   0.000000E+000    1.000000E+000

 5.000000E-002   0.000000E+000   0.000000E+000    1.000000E+000
 5.000000E-002   5.000000E-002   0.000000E+000              NaN
 5.000000E-002   1.000000E-001   0.000000E+000    1.000000E+000
 5.000000E-002   1.500000E-001   0.000000E+000    1.000000E+000
 5.000000E-002   2.000000E-001   0.000000E+000    1.000000E+000
 5.000000E-002   2.500000E-001   0.000000E+000    1.000000E+000
 5.000000E-002   3.000000E-001   0.000000E+000    1.000000E+000
 5.000000E-002   3.500000E-001   0.000000E+000    1.000000E+000
 5.000000E-002   4.000000E-001   0.000000E+000    1.000000E+000
 5.000000E-002   4.500000E-001   0.000000E+000    1.000000E+000
 5.000000E-002   5.000000E-001   0.000000E+000    1.000000E+000
 5.000000E-002   5.500000E-001   0.000000E+000    1.000000E+000
 5.000000E-002   6.000000E-001   0.000000E+000    1.000000E+000
 5.000000E-002   6.500000E-001   0.000000E+000    1.000000E+000
 5.000000E-002   7.000000E-001   0.000000E+000    1.000000E+000
 5.000000E-002   7.500000E-001   0.000000E+000    1.000000E+000
 5.000000E-002   8.000000E-001   0.000000E+000    1.000000E+000
 5.000000E-002   8.500000E-001   0.000000E+000    1.000000E+000
 5.000000E-002   9.000000E-001   0.000000E+000    1.000000E+000
 5.000000E-002   9.500000E-001   0.000000E+000    1.000000E+000
 5.000000E-002   1.000000E+000   0.000000E+000    1.000000E+000

 1.000000E-001   0.000000E+000   0.000000E+000    1.000000E+000
 1.000000E-001   5.000000E-002   0.000000E+000    1.000000E+000
 1.000000E-001   1.000000E-001   0.000000E+000              NaN
 1.000000E-001   1.500000E-001   0.000000E+000    1.000000E+000
 1.000000E-001   2.000000E-001   0.000000E+000    1.000000E+000
 1.000000E-001   2.500000E-001   0.000000E+000    1.000000E+000
 1.000000E-001   3.000000E-001   0.000000E+000    1.000000E+000
 1.000000E-001   3.500000E-001   0.000000E+000    1.000000E+000
 1.000000E-001   4.000000E-001   0.000000E+000    1.000000E+000
 1.000000E-001   4.500000E-001   0.000000E+000    1.000000E+000
 1.000000E-001   5.000000E-001   0.000000E+000    1.000000E+000
 1.000000E-001   5.500000E-001   0.000000E+000    1.000000E+000
 1.000000E-001   6.000000E-001   0.000000E+000    1.000000E+000
 1.000000E-001   6.500000E-001   0.000000E+000    1.000000E+000
 1.000000E-001   7.000000E-001   0.000000E+000    1.000000E+000
 1.000000E-001   7.500000E-001   0.000000E+000    1.000000E+000
 1.000000E-001   8.000000E-001   0.000000E+000    1.000000E+000
 1.000000E-001   8.500000E-001   0.000000E+000    1.000000E+000
 1.000000E-001   9.000000E-001   0.000000E+000    1.000000E+000
 1.000000E-001   9.500000E-001   0.000000E+000    1.000000E+000
 1.000000E-001   1.000000E+000   0.000000E+000    1.000000E+000

 1.500000E-001   0.000000E+000   0.000000E+000    1.000000E+000
 1.500000E-001   5.000000E-002   0.000000E+000    1.000000E+000
 1.500000E-001   1.000000E-001   0.000000E+000    1.000000E+000
 1.500000E-001   1.500000E-001   0.000000E+000              NaN
 1.500000E-001   2.000000E-001   0.000000E+000    1.000000E+000
 1.500000E-001   2.500000E-001   0.000000E+000    1.000000E+000
 1.500000E-001   3.000000E-001   0.000000E+000    1.000000E+000
 1.500000E-001   3.500000E-001   0.000000E+000    1.000000E+000
 1.500000E-001   4.000000E-001   0.000000E+000    1.000000E+000
 1.500000E-001   4.500000E-001   0.000000E+000    1.000000E+000
 1.500000E-001   5.000000E-001   0.000000E+000    1.000000E+000
 1.500000E-001   5.500000E-001   0.000000E+000    1.000000E+000
 1.500000E-001   6.000000E-001   0.000000E+000    1.000000E+000
 1.500000E-001   6.500000E-001   0.000000E+000    1.000000E+000
 1.500000E-001   7.000000E-001   0.000000E+000    1.000000E+000
 1.500000E-001   7.500000E-001   0.000000E+000    1.000000E+000
 1.500000E-001   8.000000E-001   0.000000E+000    1.000000E+000
 1.500000E-001   8.500000E-001   0.000000E+000    1.000000E+000
 1.500000E-001   9.000000E-001   0.000000E+000    1.000000E+000
 1.500000E-001   9.500000E-001   0.000000E+000    1.000000E+000
 1.500000E-001   1.000000E+000   0.000000E+000    1.000000E+000

 2.000000E-001   0.000000E+000   0.000000E+000    1.000000E+000
 2.000000E-001   5.000000E-002   0.000000E+000    1.000000E+000
 2.000000E-001   1.000000E-001   0.000000E+000    1.000000E+000
 2.000000E-001   1.500000E-001   0.000000E+000    1.000000E+000
 2.000000E-001   2.000000E-001   0.000000E+000              NaN
 2.000000E-001   2.500000E-001   0.000000E+000    1.000000E+000
 2.000000E-001   3.000000E-001   0.000000E+000    1.000000E+000
 2.000000E-001   3.500000E-001   0.000000E+000    1.000000E+000
 2.000000E-001   4.000000E-001   0.000000E+000    1.000000E+000
 2.000000E-001   4.500000E-001   0.000000E+000    1.000000E+000
 2.000000E-001   5.000000E-001   0.000000E+000    1.000000E+000
 2.000000E-001   5.500000E-001   0.000000E+000    1.000000E+000
 2.000000E-001   6.000000E-001   0.000000E+000    1.000000E+000
 2.000000E-001   6.500000E-001   0.000000E+000    1.000000E+000
 2.000000E-001   7.000000E-001   0.000000E+000    1.000000E+000
 2.000000E-001   7.500000E-001   0.000000E+000    1.000000E+000
 2.000000E-001   8.000000E-001   0.000000E+000    1.000000E+000
 2.000000E-001   8.500000E-001   0.000000E+000    1.000000E+000
 2.000000E-001   9.000000E-001   0.000000E+000    1.000000E+000
 2.000000E-001   9.500000E-001   0.000000E+000    1.000000E+000
 2.000000E-001   1.000000E+000   0.000000E+000    1.000000E+000

 2.500000E-001   0.000000E+000   0.000000E+000    1.000000E+000
 2.500000E-001   5.000000E-002   0.000000E+000    1.000000E+000
 2.500000E-001   1.000000E-001   0.000000E+000    1.000000E+000
 2.500000E-001   1.500000E-001   0.000000E+000    1.000000E+000
 2.500000E-001   2.000000E-001   0.000000E+000    1.000000E+000
 2.500000E-001   2.500000E-001   0.000000E+000              NaN
 2.500000E-001   3.000000E-001   0.000000E+000    1.000000E+000
 2.500000E-001   3.500000E-001   0.000000E+000    1.000000E+000
 2.500000E-001   4.000000E-001   0.000000E+000    1.000000E+000
 2.500000E-001   4.500000E-001   0.000000E+000    1.000000E+000
 2.500000E-001   5.000000E-001   0.000000E+000    1.000000E+000
 2.500000E-001   5.500000E-001   0.000000E+000    1.000000E+000
 2.500000E-001   6.000000E-001   0.000000E+000    1.000000E+000
 2.500000E-001   6.500000E-001   0.000000E+000    1.000000E+000
 2.500000E-001   7.000000E-001   0.000000E+000    1.000000E+000
 2.500000E-001   7.500000E-001   0.000000E+000    1.000000E+000
 2.500000E-001   8.000000E-001   0.000000E+000    1.000000E+000
 2.500000E-001   8.500000E-001   0.000000E+000    1.000000E+000
 2.500000E-001   9.000000E-001   0.000000E+000    1.000000E+000
 2.500000E-001   9.500000E-001   0.000000E+000    1.000000E+000
 2.500000E-001   1.000000E+000   0.000000E+000    1.000000E+000

 3.000000E-001   0.000000E+000   0.000000E+000    1.000000E+000
 3.000000E-001   5.000000E-002   0.000000E+000    1.000000E+000
 3.000000E-001   1.000000E-001   0.000000E+000    1.000000E+000
 3.000000E-001   1.500000E-001   0.000000E+000    1.000000E+000
 3.000000E-001   2.000000E-001   0.000000E+000    1.000000E+000
 3.000000E-001   2.500000E-001   0.000000E+000    1.000000E+000
 3.000000E-001   3.000000E-001   0.000000E+000              NaN
 3.000000E-001   3.500000E-001   0.000000E+000    1.000000E+000
 3.000000E-001   4.000000E-001   0.000000E+000    1.000000E+000
 3.000000E-001   4.500000E-001   0.000000E+000    1.000000E+000
 3.000000E-001   5.000000E-001   0.000000E+000    1.000000E+000
 3.000000E-001   5.500000E-001   0.000000E+000    1.000000E+000
 3.000000E-001   6.000000E-001   0.000000E+000    1.000000E+000
 3.000000E-001   6.500000E-001   0.000000E+000    1.000000E+000
 3.000000E-001   7.000000E-001   0.000000E+000    1.000000E+000
 3.000000E-001   7.500000E-001   0.000000E+000    1.000000E+000
 3.000000E-001   8.000000E-001   0.000000E+000    1.000000E+000
 3.000000E-001   8.500000E-001   0.000000E+000    1.000000E+000
 3.000000E-001   9.000000E-001   0.000000E+000    1.000000E+000
 3.000000E-001   9.500000E-001   0.000000E+000    1.000000E+000
 3.000000E-001   1.000000E+000   0.000000E+000    1.000000E+000

 3.500000E-001   0.000000E+000   0.000000E+000    1.000000E+000
 3.500000E-001   5.000000E-002   0.000000E+000    1.000000E+000
 3.500000E-001   1.000000E-001   0.000000E+000    1.000000E+000
 3.500000E-001   1.500000E-001   0.000000E+000    1.000000E+000
 3.500000E-001   2.000000E-001   0.000000E+000    1.000000E+000
 3.500000E-001   2.500000E-001   0.000000E+000    1.000000E+000
 3.500000E-001   3.000000E-001   0.000000E+000    1.000000E+000
 3.500000E-001   3.500000E-001   0.000000E+000              NaN
 3.500000E-001   4.000000E-001   0.000000E+000    1.000000E+000
 3.500000E-001   4.500000E-001   0.000000E+000    1.000000E+000
 3.500000E-001   5.000000E-001   0.000000E+000    1.000000E+000
 3.500000E-001   5.500000E-001   0.000000E+000    1.000000E+000
 3.500000E-001   6.000000E-001   0.000000E+000    1.000000E+000
 3.500000E-001   6.500000E-001   0.000000E+000    1.000000E+000
 3.500000E-001   7.000000E-001   0.000000E+000    1.000000E+000
 3.500000E-001   7.500000E-001   0.000000E+000    1.000000E+000
 3.500000E-001   8.000000E-001   0.000000E+000    1.000000E+000
 3.500000E-001   8.500000E-001   0.000000E+000    1.000000E+000
 3.500000E-001   9.000000E-001   0.000000E+000    1.000000E+000
 3.500000E-001   9.500000E-001   0.000000E+000    1.000000E+000
 3.500000E-001   1.000000E+000   0.000000E+000    1.000000E+000

 4.000000E-001   0.000000E+000   0.000000E+000    1.000000E+000
 4.000000E-001   5.000000E-002   0.000000E+000    1.000000E+000
 4.000000E-001   1.000000E-001   0.000000E+000    1.000000E+000
 4.000000E-001   1.500000E-001   0.000000E+000    1.000000E+000
 4.000000E-001   2.000000E-001   0.000000E+000    1.000000E+000
 4.000000E-001   2.500000E-001   0.000000E+000    1.000000E+000
 4.000000E-001   3.000000E-001   0.000000E+000    1.000000E+000
 4.000000E-001   3.500000E-001   0.000000E+000    1.000000E+000
 4.000000E-001   4.000000E-001   0.000000E+000              NaN
 4.000000E-001   4.500000E-001   0.000000E+000    1.000000E+000
 4.000000E-001   5.000000E-001   0.000000E+000    1.000000E+000
 4.000000E-001   5.500000E-001   0.000000E+000    1.000000E+000
 4.000000E-001   6.000000E-001   0.000000E+000    1.000000E+000
 4.000000E-001   6.500000E-001   0.000000E+000    1.000000E+000
 4.000000E-001   7.000000E-001   0.000000E+000    1.000000E+000
 4.000000E-001   7.500000E-001   0.000000E+000    1.000000E+000
 4.000000E-001   8.000000E-001   0.000000E+000    1.000000E+000
 4.000000E-001   8.500000E-001   0.000000E+000    1.000000E+000
 4.000000E-001   9.000000E-001   0.000000E+000    1.000000E+000
 4.000000E-001   9.500000E-001   0.000000E+000    1.000000E+000
 4.000000E-001   1.000000E+000   0.000000E+000    1.000000E+000

 4.500000E-001   0.000000E+000   0.000000E+000    1.000000E+000
 4.500000E-001   5.000000E-002   0.000000E+000    1.000000E+000
 4.500000E-001   1.000000E-001   0.000000E+000    1.000000E+000
 4.500000E-001   1.500000E-001   0.000000E+000    1.000000E+000
 4.500000E-001   2.000000E-001   0.000000E+000    1.000000E+000
 4.500000E-001   2.500000E-001   0.000000E+000    1.000000E+000
 4.500000E-001   3.000000E-001   0.000000E+000    1.000000E+000
 4.500000E-001   3.500000E-001   0.000000E+000    1.000000E+000
 4.500000E-001   4.000000E-001   0.000000E+000    1.000000E+000
 4.500000E-001   4.500000E-001   0.000000E+000              NaN
 4.500000E-001   5.000000E-001   0.000000E+000    1.000000E+000
 4.500000E-001   5.500000E-001   0.000000E+000    1.000000E+000
 4.500000E-001   6.000000E-001   0.000000E+000    1.000000E+000
 4.500000E-001   6.500000E-001   0.000000E+000    1.000000E+000
 4.500000E-001   7.000000E-001   0.000000E+000    1.000000E+000
 4.500000E-001   7.500000E-001   0.000000E+000    1.000000E+000
 4.500000E-001   8.000000E-001   0.000000E+000    1.000000E+000
 4.500000E-001   8.500000E-001   0.000000E+000    1.000000E+000
 4.500000E-001   9.000000E-001   0.000000E+000    1.000000E+000
 4.500000E-001   9.500000E-001   0.000000E+000    1.000000E+000
 4.500000E-001   1.000000E+000   0.000000E+000    1.000000E+000

 5.000000E-001   0.000000E+000   0.000000E+000    1.000000E+000
 5.000000E-001   5.000000E-002   0.000000E+000    1.000000E+000
 5.000000E-001   1.000000E-001   0.000000E+000    1.000000E+000
 5.000000E-001   1.500000E-001   0.000000E+000    1.000000E+000
 5.000000E-001   2.000000E-001   0.000000E+000    1.000000E+000
 5.000000E-001   2.500000E-001   0.000000E+000    1.000000E+000
 5.000000E-001   3.000000E-001   0.000000E+000    1.000000E+000
 5.000000E-001   3.500000E-001   0.000000E+000    1.000000E+000
 5.000000E-001   4.000000E-001   0.000000E+000    1.000000E+000
 5.000000E-001   4.500000E-001   0.000000E+000    1.000000E+000
 5.000000E-001   5.000000E-001   0.000000E+000              NaN
 5.000000E-001   5.500000E-001   0.000000E+000    1.000000E+000
 5.000000E-001   6.000000E-001   0.000000E+000    1.000000E+000
 5.000000E-001   6.500000E-001   0.000000E+000    1.000000E+000
 5.000000E-001   7.000000E-001   0.000000E+000    1.000000E+000
 5.000000E-001   7.500000E-001   0.000000E+000    1.000000E+000
 5.000000E-001   8.000000E-001   0.000000E+000    1.000000E+000
 5.000000E-001   8.500000E-001   0.000000E+000    1.000000E+000
 5.000000E-001   9.000000E-001   0.000000E+000    1.000000E+000
 5.000000E-001   9.500000E-001   0.000000E+000    1.000000E+000
 5.000000E-001   1.000000E+000   0.000000E+000    1.000000E+000

 5.500000E-001   0.000000E+000   0.000000E+000    1.000000E+000
 5.500000E-001   5.000000E-002   0.000000E+000    1.000000E+000
 5.500000E-001   1.000000E-001   0.000000E+000    1.000000E+000
 5.500000E-001   1.500000E-001   0.000000E+000    1.000000E+000
 5.500000E-001   2.000000E-001   0.000000E+000    1.000000E+000
 5.500000E-001   2.500000E-001   0.000000E+000    1.000000E+000
 5.500000E-001   3.000000E-001   0.000000E+000    1.000000E+000
 5.500000E-001   3.500000E-001   0.000000E+000    1.000000E+000
 5.500000E-001   4.000000E-001   0.000000E+000    1.000000E+000
 5.500000E-001   4.500000E-001   0.000000E+000    1.000000E+000
 5.500000E-001   5.000000E-001   0.000000E+000    1.000000E+000
 5.500000E-001   5.500000E-001   0.000000E+000              NaN
 5.500000E-001   6.000000E-001   0.000000E+000    1.000000E+000
 5.500000E-001   6.500000E-001   0.000000E+000    1.000000E+000
 5.500000E-001   7.000000E-001   0.000000E+000    1.000000E+000
 5.500000E-001   7.500000E-001   0.000000E+000    1.000000E+000
 5.500000E-001   8.000000E-001   0.000000E+000    1.000000E+000
 5.500000E-001   8.500000E-001   0.000000E+000    1.000000E+000
 5.500000E-001   9.000000E-001   0.000000E+000    1.000000E+000
 5.500000E-001   9.500000E-001   0.000000E+000    1.000000E+000
 5.500000E-001   1.000000E+000   0.000000E+000    1.000000E+000

 6.000000E-001   0.000000E+000   0.000000E+000    1.000000E+000
 6.000000E-001   5.000000E-002   0.000000E+000    1.000000E+000
 6.000000E-001   1.000000E-001   0.000000E+000    1.000000E+000
 6.000000E-001   1.500000E-001   0.000000E+000    1.000000E+000
 6.000000E-001   2.000000E-001   0.000000E+000    1.000000E+000
 6.000000E-001   2.500000E-001   0.000000E+000    1.000000E+000
 6.000000E-001   3.000000E-001   0.000000E+000    1.000000E+000
 6.000000E-001   3.500000E-001   0.000000E+000    1.000000E+000
 6.000000E-001   4.000000E-001   0.000000E+000    1.000000E+000
 6.000000E-001   4.500000E-001   0.000000E+000    1.000000E+000
 6.000000E-001   5.000000E-001   0.000000E+000    1.000000E+000
 6.000000E-001   5.500000E-001   0.000000E+000    1.000000E+000
 6.000000E-001   6.000000E-001   0.000000E+000              NaN
 6.000000E-001   6.500000E-001   0.000000E+000    1.000000E+000
 6.000000E-001   7.000000E-001   0.000000E+000    1.000000E+000
 6.000000E-001   7.500000E-001   0.000000E+000    1.000000E+000
 6.000000E-001   8.000000E-001   0.000000E+000    1.000000E+000
 6.000000E-001   8.500000E-001   0.000000E+000    1.000000E+000
 6.000000E-001   9.000000E-001   0.000000E+000    1.000000E+000
 6.000000E-001   9.500000E-001   0.000000E+000    1.000000E+000
 6.000000E-001   1.000000E+000   0.000000E+000    1.000000E+000

 6.500000E-001   0.000000E+000   0.000000E+000    1.000000E+000
 6.500000E-001   5.000000E-002   0.000000E+000    1.000000E+000
 6.500000E-001   1.000000E-001   0.000000E+000    1.000000E+000
 6.500000E-001   1.500000E-001   0.000000E+000    1.000000E+000
 6.500000E-001   2.000000E-001   0.000000E+000    1.000000E+000
 6.500000E-001   2.500000E-001   0.000000E+000    1.000000E+000
 6.500000E-001   3.000000E-001   0.000000E+000    1.000000E+000
 6.500000E-001   3.500000E-001   0.000000E+000    1.000000E+000
 6.500000E-001   4.000000E-001   0.000000E+000    1.000000E+000
 6.500000E-001   4.500000E-001   0.000000E+000    1.000000E+000
 6.500000E-001   5.000000E-001   0.000000E+000    1.000000E+000
 6.500000E-001   5.500000E-001   0.000000E+000    1.000000E+000
 6.500000E-001   6.000000E-001   0.000000E+000    1.000000E+000
 6.500000E-001   6.500000E-001   0.000000E+000              NaN
 6.500000E-001   7.000000E-001   0.000000E+000    1.000000E+000
 6.500000E-001   7.500000E-001   0.000000E+000    1.000000E+000
 6.500000E-001   8.000000E-001   0.000000E+000    1.000000E+000
 6.500000E-001   8.500000E-001   0.000000E+000    1.000000E+000
 6.500000E-001   9.000000E-001   0.000000E+000    1.000000E+000
 6.500000E-001   9.500000E-001   0.000000E+000    1.000000E+000
 6.500000E-001   1.000000E+000   0.000000E+000    1.000000E+000

 7.000000E-001   0.000000E+000   0.000000E+000    1.000000E+000
 7.000000E-001   5.000000E-002   0.000000E+000    1.000000E+000
 7.000000E-001   1.000000E-001   0.000000E+000    1.000000E+000
 7.000000E-001   1.500000E-001   0.000000E+000    1.000000E+000
 7.000000E-001   2.000000E-001   0.000000E+000    1.000000E+000
 7.000000E-001   2.500000E-001   0.000000E+000    1.000000E+000
 7.000000E-001   3.000000E-001   0.000000E+000    1.000000E+000
 7.000000E-001   3.500000E-001   0.000000E+000    1.000000E+000
 7.000000E-001   4.000000E-001   0.000000E+000    1.000000E+000
 7.000000E-001   4.500000E-001   0.000000E+000    1.000000E+000
 7.000000E-001   5.000000E-001   0.000000E+000    1.000000E+000
 7.000000E-001   5.500000E-001   0.000000E+000    1.000000E+000
 7.000000E-001   6.000000E-001   0.000000E+000    1.000000E+000
 7.000000E-001   6.500000E-001   0.000000E+000    1.000000E+000
 7.000000E-001   7.000000E-001   0.000000E+000              NaN
 7.000000E-001   7.500000E-001   0.000000E+000    1.000000E+000
 7.000000E-001   8.000000E-001   0.000000E+000    1.000000E+000
 7.000000E-001   8.500000E-001   0.000000E+000    1.000000E+000
 7.000000E-001   9.000000E-001   0.000000E+000    1.000000E+000
 7.000000E-001   9.500000E-001   0.000000E+000    1.000000E+000
 7.000000E-001   1.000000E+000   0.000000E+000    1.000000E+000

 7.500000E-001   0.000000E+000   0.000000E+000    1.000000E+000
 7.500000E-001   5.000000E-002   0.000000E+000    1.000000E+000
 7.500000E-001   1.000000E-001   0.000000E+000    1.000000E+000
 7.500000E-001   1.500000E-001   0.000000E+000    1.000000E+000
 7.500000E-001   2.000000E-001   0.000000E+000    1.000000E+000
 7.500000E-001   2.500000E-001   0.000000E+000    1.000000E+000
 7.500000E-001   3.000000E-001   0.000000E+000    1.000000E+000
 7.500000E-001   3.500000E-001   0.000000E+000    1.000000E+000
 7.500000E-001   4.000000E-001   0.000000E+000    1.000000E+000
 7.500000E-001   4.500000E-001   0.000000E+000    1.000000E+000
 7.500000E-001   5.000000E-001   0.000000E+000    1.000000E+000
 7.500000E-001   5.500000E-001   0.000000E+000    1.000000E+000
 7.500000E-001   6.000000E-001   0.000000E+000    1.000000E+000
 7.500000E-001   6.500000E-001   0.000000E+000    1.000000E+000
 7.500000E-001   7.000000E-001   0.000000E+000    1.000000E+000
 7.500000E-001   7.500000E-001   0.000000E+000              NaN
 7.500000E-001   8.000000E-001   0.000000E+000    1.000000E+000
 7.500000E-001   8.500000E-001   0.000000E+000    1.000000E+000
 7.500000E-001   9.000000E-001   0.000000E+000    1.000000E+000
 7.500000E-001   9.500000E-001   0.000000E+000    1.000000E+000
 7.500000E-001   1.000000E+000   0.000000E+000    1.000000E+000

 8.000000E-001   0.000000E+000   0.000000E+000    1.000000E+000
 8.000000E-001   5.000000E-002   0.000000E+000    1.000000E+000
 8.000000E-001   1.000000E-001   0.000000E+000    1.000000E+000
 8.000000E-001   1.500000E-001   0.000000E+000    1.000000E+000
 8.000000E-001   2.000000E-001   0.000000E+000    1.000000E+000
 8.000000E-001   2.500000E-001   0.000000E+000    1.000000E+000
 8.000000E-001   3.000000E-001   0.000000E+000    1.000000E+000
 8.000000E-001   3.500000E-001   0.000000E+000    1.000000E+000
 8.000000E-001   4.000000E-001   0.000000E+000    1.000000E+000
 8.000000E-001   4.500000E-001   0.000000E+000    1.000000E+000
 8.000000E-001   5.000000E-001   0.000000E+000    1.000000E+000
 8.000000E-001   5.500000E-001   0.000000E+000    1.000000E+000
 8.000000E-001   6.000000E-001   0.000000E+000    1.000000E+000
 8.000000E-001   6.500000E-001   0.000000E+000    1.000000E+000
 8.000000E-001   7.000000E-001   0.000000E+000    1.000000E+000
 8.000000E-001   7.500000E-001   0.000000E+000    1.000000E+000
 8.000000E-001   8.000000E-001   0.000000E+000              NaN
 8.000000E-001   8.500000E-001   0.000000E+000    1.000000E+000
 8.000000E-001   9.000000E-001   0.000000E+000    1.000000E+000
 8.000000E-001   9.500000E-001   0.000000E+000    1.000000E+000
 8.000000E-001   1.000000E+000   0.000000E+000    1.000000E+000

 8.500000E-001   0.000000E+000   0.000000E+000    1.000000E+000
 8.500000E-001   5.000000E-002   0.000000E+000    1.000000E+000
 8.500000E-001   1.000000E-001   0.000000E+000    1.000000E+000
 8.500000E-001   1.500000E-001   0.000000E+000    1.000000E+000
 8.500000E-001   2.000000E-001   0.000000E+000    1.000000E+000
 8.500000E-001   2.500000E-001   0.000000E+000    1.000000E+000
 8.500000E-001   3.000000E-001   0.000000E+000    1.000000E+000
 8.500000E-001   3.500000E-001   0.000000E+000    1.000000E+000
 8.500000E-001   4.000000E-001   0.000000E+000    1.000000E+000
 8.500000E-001   4.500000E-001   0.000000E+000    1.000000E+000
 8.500000E-001   5.000000E-001   0.000000E+000    1.000000E+000
 8.500000E-001   5.500000E-001   0.000000E+000    1.000000E+000
 8.500000E-001   6.000000E-001   0.000000E+000    1.000000E+000
 8.500000E-001   6.500000E-001   0.000000E+000    1.000000E+000
 8.500000E-001   7.000000E-001   0.000000E+000    1.000000E+000
 8.500000E-001   7.500000E-001   0.000000E+000    1.000000E+000
 8.500000E-001   8.000000E-001   0.000000E+000    1.000000E+000
 8.500000E-001   8.500000E-001   0.000000E+000              NaN
 8.500000E-001   9.000000E-001   0.000000E+000    1.000000E+000
 8.500000E-001   9.500000E-001   0.000000E+000    1.000000E+000
 8.500000E-001   1.000000E+000   0.000000E+000    1.000000E+000

 9.000000E-001   0.000000E+000   0.000000E+000    1.000000E+000
 9.000000E-001   5.000000E-002   0.000000E+000    1.000000E+000
 9.000000E-001   1.000000E-001   0.000000E+000    1.000000E+000
 9.000000E-001   1.500000E-001   0.000000E+000    1.000000E+000
 9.000000E-001   2.000000E-001   0.000000E+000    1.000000E+000
 9.000000E-001   2.500000E-001   0.000000E+000    1.000000E+000
 9.000000E-001   3.000000E-001   0.000000E+000    1.000000E+000
 9.000000E-001   3.500000E-001   0.000000E+000    1.000000E+000
 9.000000E-001   4.000000E-001   0.000000E+000    1.000000E+000
 9.000000E-001   4.500000E-001   0.000000E+000    1.000000E+000
 9.000000E-001   5.000000E-001   0.000000E+000    1.000000E+000
 9.000000E-001   5.500000E-001   0.000000E+000    1.000000E+000
 9.000000E-001   6.000000E-001   0.000000E+000    1.000000E+000
 9.000000E-001   6.500000E-001   0.000000E+000    1.000000E+000
 9.000000E-001   7.000000E-001   0.000000E+000    1.000000E+000
 9.000000E-001   7.500000E-001   0.000000E+000    1.000000E+000
 9.000000E-001   8.000000E-001   0.000000E+000    1.000000E+000
 9.000000E-001   8.500000E-001   0.000000E+000    1.000000E+000
 9.000000E-001   9.000000E-001   0.000000E+000              NaN
 9.000000E-001   9.500000E-001   0.000000E+000    1.000000E+000
 9.000000E-001   1.000000E+000   0.000000E+000    1.000000E+000

 9.500000E-001   0.000000E+000   0.000000E+000    1.000000E+000
 9.500000E-001   5.000000E-002   0.000000E+000    1.000000E+000
 9.500000E-001   1.000000E-001   0.000000E+000    1.000000E+000
 9.500000E-001   1.500000E-001   0.000000E+000    1.000000E+000
 9.500000E-001   2.000000E-001   0.000000E+000    1.000000E+000
 9.500000E-001   2.500000E-001   0.000000E+000    1.000000E+000
 9.500000E-001   3.000000E-001   0.000000E+000    1.000000E+000
 9.500000E-001   3.500000E-001   0.000000E+000    1.000000E+000
 9.500000E-001   4.000000E-001   0.000000E+000    1.000000E+000
 9.500000E-001   4.500000E-001   0.000000E+000    1.000000E+000
 9.500000E-001   5.000000E-001   0.000000E+000    1.000000E+000
 9.500000E-001   5.500000E-001   0.000000E+000    1.000000E+000
 9.500000E-001   6.000000E-001   0.000000E+000    1.000000E+000
 9.500000E-001   6.500000E-001   0.000000E+000    1.000000E+000
 9.500000E-001   7.000000E-001   0.000000E+000    1.000000E+000
 9.500000E-001   7.500000E-001   0.000000E+000    1.000000E+000
 9.500000E-001   8.000000E-001   0.000000E+000    1.000000E+000
 9.500000E-001   8.500000E-001   0.000000E+000    1.000000E+000
 9.500000E-001   9.000000E-001   0.000000E+000    1.000000E+000
 9.500000E-001   9.500000E-001   0.000000E+000              NaN
 9.500000E-001   1.000000E+000   0.000000E+000    1.000000E+000

 1.000000E+000   0.000000E+000   0.000000E+000    1.000000E+000
 1.000000E+000   5.000000E-002   0.000000E+000    1.000000E+000
 1.000000E+000   1.000000E-001   0.000000E+000    1.000000E+000
 1.000000E+000   1.500000E-001   0.000000E+000    1.000000E+000
 1.000000E+000   2.000000E-001   0.000000E+000    1.000000E+000
 1.000000E+000   2.500000E-001   0.000000E+000    1.000000E+000
 1.000000E+000   3.000000E-001   0.000000E+000    1.000000E+000
 1.000000E+000   3.500000E-001   0.000000E+000    1.000000E+000
 1.000000E+000   4.000000E-001   0.000000E+000    1.000000E+000
 1.000000E+000   4.500000E-001   0.000000E+000    1.000000E+000
 1.000000E+000   5.000000E-001   0.000000E+000    1.000000E+000
 1.000000E+000   5.500000E-001   0.000000E+000    1.000000E+000
 1.000000E+000   6.000000E-001   0.000000E+000    1.000000E+000
 1.000000E+000   6.500000E-001   0.000000E+000    1.000000E+000
 1.000000E+000   7.000000E-001   0.000000E+000    1.000000E+000
 1.000000E+000   7.500000E-001   0.000000E+000    1.000000E+000
 1.000000E+000   8.000000E-001   0.000000E+000    1.000000E+000
 1.000000E+000   8.500000E-001   0.000000E+000    1.000000E+000
 1.000000E+000   9.000000E-001   0.000000E+000    1.000000E+000
 1.000000E+000   9.500000E-001   0.000000E+000    1.000000E+000
 1.000000E+000   1.000000E+000   0.000000E+000              NaN

